WR, DR, LR
1.0,0.0,0.0
0.5,0.0,0.5
0.3333333333333333,0.3333333333333333,0.3333333333333333
0.25,0.25,0.5
0.2,0.2,0.6
0.3333333333333333,0.16666666666666666,0.5
0.2857142857142857,0.14285714285714285,0.5714285714285714
0.25,0.125,0.625
0.2222222222222222,0.1111111111111111,0.6666666666666666
0.3,0.1,0.6
0.36363636363636365,0.09090909090909091,0.5454545454545454
0.3333333333333333,0.08333333333333333,0.5833333333333334
0.3076923076923077,0.07692307692307693,0.6153846153846154
0.2857142857142857,0.14285714285714285,0.5714285714285714
0.26666666666666666,0.2,0.5333333333333333
0.25,0.1875,0.5625
0.23529411764705882,0.17647058823529413,0.5882352941176471
0.2777777777777778,0.16666666666666666,0.5555555555555556
0.3157894736842105,0.15789473684210525,0.5263157894736842
0.3,0.15,0.55
0.2857142857142857,0.14285714285714285,0.5714285714285714
0.3181818181818182,0.13636363636363635,0.5454545454545454
0.30434782608695654,0.13043478260869565,0.5652173913043478
0.2916666666666667,0.125,0.5833333333333334
0.28,0.12,0.6
0.3076923076923077,0.11538461538461539,0.5769230769230769
0.2962962962962963,0.1111111111111111,0.5925925925925926
0.2857142857142857,0.10714285714285714,0.6071428571428571
0.27586206896551724,0.10344827586206896,0.6206896551724138
0.26666666666666666,0.13333333333333333,0.6
0.25806451612903225,0.12903225806451613,0.6129032258064516
0.25,0.125,0.625
0.2727272727272727,0.12121212121212122,0.6060606060606061
0.29411764705882354,0.11764705882352941,0.5882352941176471
0.3142857142857143,0.11428571428571428,0.5714285714285714
0.3333333333333333,0.1111111111111111,0.5555555555555556
0.32432432432432434,0.10810810810810811,0.5675675675675675
0.34210526315789475,0.10526315789473684,0.5526315789473685
0.358974358974359,0.10256410256410256,0.5384615384615384
0.35,0.1,0.55
0.36585365853658536,0.0975609756097561,0.5365853658536586
0.35714285714285715,0.09523809523809523,0.5476190476190477
0.3488372093023256,0.09302325581395349,0.5581395348837209
0.3409090909090909,0.09090909090909091,0.5681818181818182
0.3333333333333333,0.08888888888888889,0.5777777777777777
0.32608695652173914,0.08695652173913043,0.5869565217391305
0.3404255319148936,0.0851063829787234,0.574468085106383
0.3333333333333333,0.08333333333333333,0.5833333333333334
0.32653061224489793,0.08163265306122448,0.5918367346938775
0.32,0.08,0.6
0.3137254901960784,0.0784313725490196,0.6078431372549019
0.3076923076923077,0.07692307692307693,0.6153846153846154
0.3018867924528302,0.07547169811320754,0.6226415094339622
0.2962962962962963,0.07407407407407407,0.6296296296296297
0.3090909090909091,0.07272727272727272,0.6181818181818182
0.30357142857142855,0.08928571428571429,0.6071428571428571
0.2982456140350877,0.08771929824561403,0.6140350877192983
0.29310344827586204,0.08620689655172414,0.6206896551724138
0.3050847457627119,0.0847457627118644,0.6101694915254238
0.31666666666666665,0.08333333333333333,0.6
0.3114754098360656,0.08196721311475409,0.6065573770491803
0.3225806451612903,0.08064516129032258,0.5967741935483871
0.31746031746031744,0.07936507936507936,0.6031746031746031
0.3125,0.078125,0.609375
0.3230769230769231,0.07692307692307693,0.6
0.3181818181818182,0.07575757575757576,0.6060606060606061
0.3283582089552239,0.07462686567164178,0.5970149253731343
0.3382352941176471,0.07352941176470588,0.5882352941176471
0.3333333333333333,0.08695652173913043,0.5797101449275363
0.32857142857142857,0.1,0.5714285714285714
0.323943661971831,0.11267605633802817,0.5633802816901409
0.3333333333333333,0.1111111111111111,0.5555555555555556
0.3424657534246575,0.1095890410958904,0.547945205479452
0.35135135135135137,0.10810810810810811,0.5405405405405406
0.36,0.10666666666666667,0.5333333333333333
0.35526315789473684,0.10526315789473684,0.5394736842105263
0.36363636363636365,0.1038961038961039,0.5324675324675324
0.358974358974359,0.10256410256410256,0.5384615384615384
0.3670886075949367,0.10126582278481013,0.5316455696202531
0.3625,0.1,0.5375
0.35802469135802467,0.09876543209876543,0.5432098765432098
0.36585365853658536,0.0975609756097561,0.5365853658536586
0.37349397590361444,0.0963855421686747,0.5301204819277109
0.36904761904761907,0.09523809523809523,0.5357142857142857
0.36470588235294116,0.09411764705882353,0.5411764705882353
0.37209302325581395,0.09302325581395349,0.5348837209302325
0.3793103448275862,0.09195402298850575,0.5287356321839081
0.375,0.09090909090909091,0.5340909090909091
0.38202247191011235,0.0898876404494382,0.5280898876404494
0.37777777777777777,0.08888888888888889,0.5333333333333333
0.37362637362637363,0.08791208791208792,0.5384615384615384
0.3695652173913043,0.08695652173913043,0.5434782608695652
0.3763440860215054,0.08602150537634409,0.5376344086021505
0.3723404255319149,0.0851063829787234,0.5425531914893617
0.3684210526315789,0.08421052631578947,0.5473684210526316
0.3645833333333333,0.08333333333333333,0.5520833333333334
0.3711340206185567,0.08247422680412371,0.5463917525773195
0.3673469387755102,0.08163265306122448,0.5510204081632653
0.36363636363636365,0.08080808080808081,0.5555555555555556
0.37,0.08,0.55
0.37623762376237624,0.07920792079207921,0.5445544554455446
0.37254901960784315,0.0784313725490196,0.5490196078431373
0.3786407766990291,0.07766990291262135,0.5436893203883495
0.38461538461538464,0.07692307692307693,0.5384615384615384
0.3904761904761905,0.0761904761904762,0.5333333333333333
0.3867924528301887,0.07547169811320754,0.5377358490566038
0.3925233644859813,0.07476635514018691,0.5327102803738317
0.3888888888888889,0.07407407407407407,0.5370370370370371
0.3853211009174312,0.07339449541284404,0.5412844036697247
0.38181818181818183,0.07272727272727272,0.5454545454545454
0.3783783783783784,0.07207207207207207,0.5495495495495496
0.375,0.07142857142857142,0.5535714285714286
0.37168141592920356,0.07079646017699115,0.5575221238938053
0.37719298245614036,0.07017543859649122,0.5526315789473685
0.3826086956521739,0.06956521739130435,0.5478260869565217
0.3793103448275862,0.06896551724137931,0.5517241379310345
0.37606837606837606,0.06837606837606838,0.5555555555555556
0.3728813559322034,0.06779661016949153,0.559322033898305
0.37815126050420167,0.06722689075630252,0.5546218487394958
0.38333333333333336,0.06666666666666667,0.55
0.3884297520661157,0.06611570247933884,0.5454545454545454
0.39344262295081966,0.06557377049180328,0.5409836065573771
0.3902439024390244,0.06504065040650407,0.5447154471544715
0.3951612903225806,0.06451612903225806,0.5403225806451613
0.4,0.064,0.536
0.3968253968253968,0.06349206349206349,0.5396825396825397
0.4015748031496063,0.06299212598425197,0.5354330708661418
0.3984375,0.0625,0.5390625
0.3953488372093023,0.06201550387596899,0.5426356589147286
0.4,0.06153846153846154,0.5384615384615384
0.3969465648854962,0.061068702290076333,0.5419847328244275
0.3939393939393939,0.06060606060606061,0.5454545454545454
0.39097744360902253,0.06766917293233082,0.5413533834586466
0.39552238805970147,0.06716417910447761,0.5373134328358209
0.3925925925925926,0.06666666666666667,0.5407407407407407
0.3897058823529412,0.0661764705882353,0.5441176470588235
0.38686131386861317,0.06569343065693431,0.5474452554744526
0.38405797101449274,0.06521739130434782,0.5507246376811594
0.38848920863309355,0.06474820143884892,0.5467625899280576
0.38571428571428573,0.06428571428571428,0.55
0.3829787234042553,0.06382978723404255,0.5531914893617021
0.38028169014084506,0.07042253521126761,0.5492957746478874
0.3776223776223776,0.06993006993006994,0.5524475524475524
0.375,0.06944444444444445,0.5555555555555556
0.3724137931034483,0.06896551724137931,0.5586206896551724
0.3767123287671233,0.0684931506849315,0.5547945205479452
0.3741496598639456,0.06802721088435375,0.5578231292517006
0.3783783783783784,0.06756756756756757,0.5540540540540541
0.37583892617449666,0.06711409395973154,0.5570469798657718
0.37333333333333335,0.06666666666666667,0.56
0.3708609271523179,0.06622516556291391,0.5629139072847682
0.3684210526315789,0.06578947368421052,0.5657894736842105
0.37254901960784315,0.06535947712418301,0.5620915032679739
0.37012987012987014,0.06493506493506493,0.564935064935065
0.3741935483870968,0.06451612903225806,0.5612903225806452
0.3717948717948718,0.0641025641025641,0.5641025641025641
0.36942675159235666,0.06369426751592357,0.5668789808917197
0.3670886075949367,0.06329113924050633,0.569620253164557
0.36477987421383645,0.06289308176100629,0.5723270440251572
0.36875,0.0625,0.56875
0.36645962732919257,0.06832298136645963,0.5652173913043478
0.37037037037037035,0.06790123456790123,0.5617283950617284
0.36809815950920244,0.06748466257668712,0.5644171779141104
0.36585365853658536,0.06707317073170732,0.5670731707317073
0.36363636363636365,0.06666666666666667,0.5696969696969697
0.3614457831325301,0.06626506024096386,0.572289156626506
0.3592814371257485,0.0658682634730539,0.5748502994011976
0.35714285714285715,0.06547619047619048,0.5773809523809523
0.35502958579881655,0.0650887573964497,0.5798816568047337
0.3588235294117647,0.06470588235294118,0.5764705882352941
0.3567251461988304,0.06432748538011696,0.5789473684210527
0.3546511627906977,0.06395348837209303,0.5813953488372093
0.35260115606936415,0.06358381502890173,0.5838150289017341
0.3505747126436782,0.06321839080459771,0.5862068965517241
0.3485714285714286,0.06285714285714286,0.5885714285714285
0.3465909090909091,0.0625,0.5909090909090909
0.3502824858757062,0.062146892655367235,0.5875706214689266
0.34831460674157305,0.06741573033707865,0.5842696629213483
0.3463687150837989,0.0670391061452514,0.5865921787709497
0.34444444444444444,0.06666666666666667,0.5888888888888889
0.34806629834254144,0.06629834254143646,0.585635359116022
0.34615384615384615,0.06593406593406594,0.5879120879120879
0.34972677595628415,0.06557377049180328,0.5846994535519126
0.3532608695652174,0.06521739130434782,0.5815217391304348
0.35135135135135137,0.06486486486486487,0.5837837837837838
0.3548387096774194,0.06451612903225806,0.5806451612903226
0.3582887700534759,0.06417112299465241,0.5775401069518716
0.35638297872340424,0.06382978723404255,0.5797872340425532
0.3544973544973545,0.06349206349206349,0.582010582010582
0.35789473684210527,0.06315789473684211,0.5789473684210527
0.35602094240837695,0.06282722513089005,0.581151832460733
0.3541666666666667,0.0625,0.5833333333333334
0.35751295336787564,0.06217616580310881,0.5803108808290155
0.36082474226804123,0.061855670103092786,0.5773195876288659
0.358974358974359,0.06153846153846154,0.5794871794871795
0.35714285714285715,0.061224489795918366,0.5816326530612245
0.3553299492385787,0.06598984771573604,0.5786802030456852
0.35353535353535354,0.06565656565656566,0.5808080808080808
0.35175879396984927,0.06532663316582915,0.5829145728643216
0.35,0.07,0.58
0.3482587064676617,0.06965174129353234,0.582089552238806
0.35148514851485146,0.06930693069306931,0.5792079207920792
0.3497536945812808,0.06896551724137931,0.5812807881773399
0.3480392156862745,0.07352941176470588,0.5784313725490197
0.3463414634146341,0.07317073170731707,0.5804878048780487
0.3446601941747573,0.07281553398058252,0.5825242718446602
0.34299516908212563,0.07246376811594203,0.5845410628019324
0.34134615384615385,0.07211538461538461,0.5865384615384616
0.3444976076555024,0.07177033492822966,0.583732057416268
0.34285714285714286,0.07142857142857142,0.5857142857142857
0.3412322274881517,0.07109004739336493,0.5876777251184834
0.33962264150943394,0.07075471698113207,0.589622641509434
0.3427230046948357,0.07042253521126761,0.5868544600938967
0.3411214953271028,0.07009345794392523,0.5887850467289719
0.3395348837209302,0.06976744186046512,0.5906976744186047
0.3425925925925926,0.06944444444444445,0.5879629629629629
0.34101382488479265,0.06912442396313365,0.5898617511520737
0.3440366972477064,0.06880733944954129,0.5871559633027523
0.3424657534246575,0.0684931506849315,0.589041095890411
0.3409090909090909,0.06818181818181818,0.5909090909090909
0.3438914027149321,0.06787330316742081,0.5882352941176471
0.34234234234234234,0.06756756756756757,0.5900900900900901
0.34080717488789236,0.06726457399103139,0.5919282511210763
0.34375,0.06696428571428571,0.5892857142857143
0.3422222222222222,0.06666666666666667,0.5911111111111111
0.34513274336283184,0.06637168141592921,0.588495575221239
0.3436123348017621,0.06607929515418502,0.5903083700440529
0.34649122807017546,0.06578947368421052,0.5877192982456141
0.34497816593886466,0.06550218340611354,0.5895196506550219
0.34347826086956523,0.06521739130434782,0.591304347826087
0.341991341991342,0.06493506493506493,0.5930735930735931
0.3448275862068966,0.06465517241379311,0.5905172413793104
0.34334763948497854,0.06437768240343347,0.592274678111588
0.3418803418803419,0.06837606837606838,0.5897435897435898
0.3404255319148936,0.06808510638297872,0.5914893617021276
0.3432203389830508,0.06779661016949153,0.5889830508474576
0.34177215189873417,0.06751054852320675,0.5907172995780591
0.3403361344537815,0.06722689075630252,0.592436974789916
0.34309623430962344,0.06694560669456066,0.5899581589958159
0.3416666666666667,0.06666666666666667,0.5916666666666667
0.34439834024896265,0.06639004149377593,0.5892116182572614
0.34297520661157027,0.06611570247933884,0.5909090909090909
0.345679012345679,0.06584362139917696,0.588477366255144
0.3442622950819672,0.06557377049180328,0.5901639344262295
0.34285714285714286,0.0653061224489796,0.5918367346938775
0.34552845528455284,0.06504065040650407,0.5894308943089431
0.3441295546558704,0.06477732793522267,0.5910931174089069
0.34274193548387094,0.06854838709677419,0.5887096774193549
0.3453815261044177,0.06827309236947791,0.5863453815261044
0.348,0.068,0.584
0.3466135458167331,0.06772908366533864,0.5856573705179283
0.34523809523809523,0.06746031746031746,0.5873015873015873
0.3438735177865613,0.07114624505928854,0.5849802371541502
0.3425196850393701,0.07086614173228346,0.5866141732283464
0.34509803921568627,0.07058823529411765,0.5843137254901961
0.34375,0.0703125,0.5859375
0.3463035019455253,0.07003891050583658,0.5836575875486382
0.3449612403100775,0.06976744186046512,0.5852713178294574
0.3474903474903475,0.0694980694980695,0.583011583011583
0.34615384615384615,0.06923076923076923,0.5846153846153846
0.3448275862068966,0.06896551724137931,0.5862068965517241
0.3435114503816794,0.06870229007633588,0.5877862595419847
0.34220532319391633,0.06844106463878327,0.5893536121673004
0.3446969696969697,0.06818181818181818,0.5871212121212122
0.3471698113207547,0.06792452830188679,0.5849056603773585
0.3458646616541353,0.06766917293233082,0.5864661654135338
0.34831460674157305,0.06741573033707865,0.5842696629213483
0.35074626865671643,0.06716417910447761,0.582089552238806
0.34944237918215615,0.06691449814126393,0.5836431226765799
0.34814814814814815,0.06666666666666667,0.5851851851851851
0.34686346863468637,0.06642066420664207,0.5867158671586716
0.34558823529411764,0.06985294117647059,0.5845588235294118
0.3443223443223443,0.0695970695970696,0.5860805860805861
0.34306569343065696,0.06934306569343066,0.5875912408759124
0.34545454545454546,0.06909090909090909,0.5854545454545454
0.3442028985507246,0.06884057971014493,0.5869565217391305
0.34657039711191334,0.06859205776173286,0.5848375451263538
0.34532374100719426,0.0683453237410072,0.5863309352517986
0.34767025089605735,0.06810035842293907,0.5842293906810035
0.35,0.06785714285714285,0.5821428571428572
0.3487544483985765,0.06761565836298933,0.5836298932384342
0.3475177304964539,0.0673758865248227,0.5851063829787234
0.3498233215547703,0.06713780918727916,0.5830388692579506
0.3485915492957746,0.06690140845070422,0.5845070422535211
0.3473684210526316,0.06666666666666667,0.5859649122807018
0.34965034965034963,0.06643356643356643,0.583916083916084
0.34843205574912894,0.06620209059233449,0.5853658536585366
0.3472222222222222,0.06597222222222222,0.5868055555555556
0.3494809688581315,0.0657439446366782,0.5847750865051903
0.35172413793103446,0.06551724137931035,0.5827586206896552
0.35051546391752575,0.06529209621993128,0.584192439862543
0.3493150684931507,0.06506849315068493,0.5856164383561644
0.34812286689419797,0.06484641638225255,0.5870307167235495
0.35034013605442177,0.06462585034013606,0.5850340136054422
0.34915254237288135,0.06440677966101695,0.5864406779661017
0.34797297297297297,0.06418918918918919,0.5878378378378378
0.3501683501683502,0.06397306397306397,0.5858585858585859
0.348993288590604,0.06375838926174497,0.587248322147651
0.34782608695652173,0.06354515050167224,0.5886287625418061
0.35,0.06333333333333334,0.5866666666666667
0.3488372093023256,0.06312292358803986,0.5880398671096345
0.3509933774834437,0.06291390728476821,0.5860927152317881
0.35313531353135313,0.0627062706270627,0.5841584158415841
0.35526315789473684,0.0625,0.5822368421052632
0.3540983606557377,0.06557377049180328,0.580327868852459
0.35294117647058826,0.06535947712418301,0.5816993464052288
0.3517915309446254,0.06514657980456026,0.5830618892508144
0.35064935064935066,0.06493506493506493,0.5844155844155844
0.35275080906148865,0.06472491909385113,0.5825242718446602
0.35161290322580646,0.06451612903225806,0.5838709677419355
0.3504823151125402,0.06430868167202572,0.5852090032154341
0.34935897435897434,0.0673076923076923,0.5833333333333334
0.34824281150159747,0.0670926517571885,0.5846645367412141
0.3471337579617834,0.06687898089171974,0.5859872611464968
0.346031746031746,0.06666666666666667,0.5873015873015873
0.34810126582278483,0.06645569620253164,0.5854430379746836
0.3470031545741325,0.06624605678233439,0.5867507886435331
0.34591194968553457,0.06918238993710692,0.5849056603773585
0.34796238244514105,0.06896551724137931,0.5830721003134797
0.346875,0.06875,0.584375
0.34890965732087226,0.06853582554517133,0.5825545171339563
0.35093167701863354,0.06832298136645963,0.5807453416149069
0.35294117647058826,0.06811145510835913,0.5789473684210527
0.35185185185185186,0.06790123456790123,0.5802469135802469
0.35384615384615387,0.06769230769230769,0.5784615384615385
0.3558282208588957,0.06748466257668712,0.5766871165644172
0.3577981651376147,0.0672782874617737,0.5749235474006116
0.3567073170731707,0.06707317073170732,0.5762195121951219
0.3556231003039514,0.0668693009118541,0.5775075987841946
0.35454545454545455,0.0696969696969697,0.5757575757575758
0.35347432024169184,0.06948640483383686,0.5770392749244713
0.35240963855421686,0.06927710843373494,0.5783132530120482
0.35135135135135137,0.06906906906906907,0.5795795795795796
0.3532934131736527,0.0688622754491018,0.5778443113772455
0.3522388059701492,0.06865671641791045,0.5791044776119403
0.35119047619047616,0.06845238095238096,0.5803571428571429
0.35014836795252224,0.06824925816023739,0.5816023738872403
0.3520710059171598,0.06804733727810651,0.5798816568047337
0.35103244837758113,0.06784660766961652,0.5811209439528023
0.35294117647058826,0.06764705882352941,0.5794117647058824
0.3519061583577713,0.07038123167155426,0.5777126099706745
0.3508771929824561,0.07017543859649122,0.5789473684210527
0.3498542274052478,0.06997084548104957,0.5801749271137027
0.35174418604651164,0.06976744186046512,0.5784883720930233
0.3507246376811594,0.06956521739130435,0.5797101449275363
0.35260115606936415,0.06936416184971098,0.5780346820809249
0.3515850144092219,0.069164265129683,0.579250720461095
0.3505747126436782,0.06896551724137931,0.5804597701149425
0.3495702005730659,0.06876790830945559,0.5816618911174785
0.3514285714285714,0.06857142857142857,0.58
0.3504273504273504,0.06837606837606838,0.5811965811965812
0.3494318181818182,0.06818181818181818,0.5823863636363636
0.34844192634560905,0.0679886685552408,0.5835694050991501
0.3474576271186441,0.06779661016949153,0.5847457627118644
0.3492957746478873,0.0676056338028169,0.5830985915492958
0.351123595505618,0.06741573033707865,0.5814606741573034
0.35294117647058826,0.06722689075630252,0.5798319327731093
0.3547486033519553,0.0670391061452514,0.5782122905027933
0.35376044568245124,0.06685236768802229,0.5793871866295265
0.3527777777777778,0.06666666666666667,0.5805555555555556
0.3518005540166205,0.0664819944598338,0.5817174515235457
0.35359116022099446,0.06629834254143646,0.580110497237569
0.35537190082644626,0.06611570247933884,0.5785123966942148
0.35714285714285715,0.06593406593406594,0.5769230769230769
0.3561643835616438,0.06575342465753424,0.5780821917808219
0.3551912568306011,0.06557377049180328,0.5792349726775956
0.3542234332425068,0.0653950953678474,0.5803814713896458
0.3532608695652174,0.06521739130434782,0.5815217391304348
0.3523035230352303,0.06504065040650407,0.5826558265582655
0.35405405405405405,0.06486486486486487,0.581081081081081
0.3557951482479784,0.0646900269541779,0.5795148247978437
0.3548387096774194,0.06451612903225806,0.5806451612903226
0.353887399463807,0.064343163538874,0.5817694369973191
0.35294117647058826,0.06684491978609626,0.5802139037433155
0.352,0.06666666666666667,0.5813333333333334
0.35106382978723405,0.06648936170212766,0.5824468085106383
0.35013262599469497,0.06631299734748011,0.583554376657825
0.3492063492063492,0.06613756613756613,0.5846560846560847
0.3482849604221636,0.06596306068601583,0.5857519788918206
0.3473684210526316,0.06842105263157895,0.5842105263157895
0.3464566929133858,0.06824146981627296,0.5853018372703412
0.34554973821989526,0.06806282722513089,0.5863874345549738
0.34464751958224543,0.07049608355091384,0.5848563968668408
0.3463541666666667,0.0703125,0.5833333333333334
0.34545454545454546,0.07012987012987013,0.5844155844155844
0.344559585492228,0.06994818652849741,0.5854922279792746
0.34366925064599485,0.06976744186046512,0.58656330749354
0.3427835051546392,0.06958762886597938,0.5876288659793815
0.34190231362467866,0.06940874035989718,0.5886889460154242
0.3435897435897436,0.06923076923076923,0.5871794871794872
0.3452685421994885,0.06905370843989769,0.5856777493606138
0.3469387755102041,0.06887755102040816,0.5841836734693877
0.3486005089058524,0.06870229007633588,0.5826972010178118
0.3477157360406091,0.06852791878172589,0.583756345177665
0.3468354430379747,0.06835443037974684,0.5848101265822785
0.34595959595959597,0.0707070707070707,0.5833333333333334
0.345088161209068,0.07052896725440806,0.5843828715365239
0.3442211055276382,0.07035175879396985,0.585427135678392
0.3458646616541353,0.07017543859649122,0.5839598997493735
0.3475,0.07,0.5825
0.3491271820448878,0.06982543640897755,0.5810473815461347
0.3482587064676617,0.06965174129353234,0.582089552238806
0.34987593052109184,0.06947890818858561,0.5806451612903226
0.35148514851485146,0.06930693069306931,0.5792079207920792
0.3506172839506173,0.0691358024691358,0.5802469135802469
0.3497536945812808,0.06896551724137931,0.5812807881773399
0.3488943488943489,0.0687960687960688,0.5823095823095823
0.35049019607843135,0.06862745098039216,0.5808823529411765
0.34963325183374083,0.06845965770171149,0.5819070904645477
0.35121951219512193,0.06829268292682927,0.5804878048780487
0.35279805352798055,0.0681265206812652,0.5790754257907542
0.35194174757281554,0.06796116504854369,0.5800970873786407
0.35108958837772397,0.06779661016949153,0.5811138014527845
0.3526570048309179,0.06763285024154589,0.5797101449275363
0.35180722891566263,0.06746987951807229,0.5807228915662651
0.35096153846153844,0.0673076923076923,0.5817307692307693
0.3501199040767386,0.06954436450839328,0.580335731414868
0.3492822966507177,0.06937799043062201,0.5813397129186603
0.35083532219570407,0.06921241050119331,0.5799522673031027
0.35,0.06904761904761905,0.580952380952381
0.3515439429928741,0.0688836104513064,0.5795724465558195
0.35071090047393366,0.06872037914691943,0.580568720379147
0.35224586288416077,0.06855791962174941,0.5791962174940898
0.35377358490566035,0.06839622641509434,0.5778301886792453
0.3552941176470588,0.06823529411764706,0.5764705882352941
0.3544600938967136,0.06807511737089202,0.5774647887323944
0.3559718969555035,0.06791569086651054,0.5761124121779859
0.35514018691588783,0.07009345794392523,0.5747663551401869
0.3543123543123543,0.06993006993006994,0.5757575757575758
0.3558139534883721,0.06976744186046512,0.5744186046511628
0.35498839907192575,0.06960556844547564,0.5754060324825986
0.35648148148148145,0.06944444444444445,0.5740740740740741
0.3556581986143187,0.06928406466512702,0.5750577367205543
0.3548387096774194,0.06912442396313365,0.576036866359447
0.35402298850574715,0.06896551724137931,0.5770114942528736
0.3555045871559633,0.06880733944954129,0.5756880733944955
0.35469107551487417,0.06864988558352403,0.5766590389016019
0.3561643835616438,0.0684931506849315,0.5753424657534246
0.3553530751708428,0.0683371298405467,0.5763097949886105
0.35454545454545455,0.06818181818181818,0.5772727272727273
0.35600907029478457,0.06802721088435375,0.5759637188208617
0.3552036199095023,0.06787330316742081,0.5769230769230769
0.3544018058690745,0.06772009029345373,0.5778781038374717
0.3536036036036036,0.06756756756756757,0.5788288288288288
0.35280898876404493,0.06741573033707865,0.5797752808988764
0.35201793721973096,0.06726457399103139,0.5807174887892377
0.3534675615212528,0.06711409395973154,0.5794183445190156
0.35267857142857145,0.06696428571428571,0.5803571428571429
0.3518930957683742,0.06904231625835189,0.579064587973274
0.35333333333333333,0.06888888888888889,0.5777777777777777
0.352549889135255,0.06873614190687362,0.5787139689578714
0.35176991150442477,0.06858407079646017,0.5796460176991151
0.3509933774834437,0.0684326710816777,0.5805739514348786
0.3524229074889868,0.06828193832599119,0.579295154185022
0.3516483516483517,0.06813186813186813,0.5802197802197803
0.3530701754385965,0.06798245614035088,0.5789473684210527
0.3522975929978118,0.06783369803063458,0.5798687089715536
0.3537117903930131,0.06768558951965066,0.5786026200873362
0.35294117647058826,0.06753812636165578,0.579520697167756
0.3521739130434783,0.06739130434782609,0.5804347826086956
0.351409978308026,0.06724511930585683,0.5813449023861171
0.3528138528138528,0.0670995670995671,0.5800865800865801
0.35205183585313177,0.06695464362850972,0.5809935205183585
0.35129310344827586,0.0668103448275862,0.5818965517241379
0.35268817204301073,0.06666666666666667,0.5806451612903226
0.3540772532188841,0.06652360515021459,0.5793991416309013
0.3554603854389722,0.06638115631691649,0.5781584582441114
0.3547008547008547,0.06623931623931624,0.5790598290598291
0.35394456289978676,0.06609808102345416,0.579957356076759
0.35319148936170214,0.06595744680851064,0.5808510638297872
0.3524416135881104,0.06581740976645435,0.5817409766454352
0.3516949152542373,0.06567796610169492,0.5826271186440678
0.35095137420718814,0.06553911205073996,0.5835095137420718
0.350210970464135,0.06540084388185655,0.5843881856540084
0.3494736842105263,0.06526315789473684,0.5852631578947368
0.3487394957983193,0.06722689075630252,0.5840336134453782
0.350104821802935,0.06708595387840671,0.5828092243186582
0.3514644351464435,0.06694560669456066,0.5815899581589958
0.35281837160751567,0.06680584551148225,0.5803757828810021
0.35208333333333336,0.06666666666666667,0.58125
0.35135135135135137,0.06860706860706861,0.58004158004158
0.3506224066390041,0.06846473029045644,0.5809128630705395
0.3498964803312629,0.06832298136645963,0.5817805383022774
0.34917355371900827,0.07024793388429752,0.5805785123966942
0.34845360824742266,0.07010309278350516,0.5814432989690722
0.3497942386831276,0.06995884773662552,0.5802469135802469
0.351129363449692,0.06981519507186858,0.5790554414784395
0.35040983606557374,0.06967213114754098,0.5799180327868853
0.3496932515337423,0.06952965235173825,0.5807770961145194
0.3489795918367347,0.06938775510204082,0.5816326530612245
0.35030549898167007,0.06924643584521385,0.5804480651731161
0.34959349593495936,0.06910569105691057,0.5813008130081301
0.3488843813387424,0.06896551724137931,0.5821501014198783
0.35020242914979755,0.06882591093117409,0.5809716599190283
0.34949494949494947,0.06868686868686869,0.5818181818181818
0.3487903225806452,0.06854838709677419,0.5826612903225806
0.3501006036217304,0.06841046277665996,0.5814889336016097
0.3493975903614458,0.06827309236947791,0.5823293172690763
0.35070140280561124,0.06813627254509018,0.5811623246492986
0.35,0.068,0.582
0.34930139720558884,0.06786427145708583,0.5828343313373253
0.34860557768924305,0.06772908366533864,0.5836653386454184
0.3499005964214712,0.06759443339960239,0.5825049701789264
0.3492063492063492,0.06944444444444445,0.5813492063492064
0.3504950495049505,0.06930693069306931,0.5801980198019802
0.34980237154150196,0.0691699604743083,0.5810276679841897
0.3510848126232742,0.06903353057199212,0.5798816568047337
0.35039370078740156,0.0688976377952756,0.5807086614173228
0.34970530451866405,0.068762278978389,0.581532416502947
0.34901960784313724,0.06862745098039216,0.5823529411764706
0.34833659491193736,0.0684931506849315,0.5831702544031311
0.349609375,0.068359375,0.58203125
0.3489278752436647,0.0682261208576998,0.5828460038986355
0.34824902723735407,0.06809338521400778,0.5836575875486382
0.34951456310679613,0.06796116504854369,0.5825242718446602
0.3488372093023256,0.06782945736434108,0.5833333333333334
0.35009671179883944,0.06769825918762089,0.5822050290135397
0.35135135135135137,0.06756756756756757,0.581081081081081
0.35260115606936415,0.0674373795761079,0.5799614643545279
0.35192307692307695,0.0673076923076923,0.5807692307692308
0.3531669865642994,0.0671785028790787,0.5796545105566219
0.3524904214559387,0.06704980842911877,0.5804597701149425
0.35372848948374763,0.06692160611854685,0.5793499043977055
0.3549618320610687,0.06679389312977099,0.5782442748091603
0.35619047619047617,0.06666666666666667,0.5771428571428572
0.3574144486692015,0.06653992395437262,0.5760456273764258
0.3567362428842505,0.06641366223908918,0.5768500948766604
0.3560606060606061,0.06818181818181818,0.5757575757575758
0.3572778827977316,0.06805293005671077,0.5746691871455577
0.3584905660377358,0.06792452830188679,0.5735849056603773
0.3578154425612053,0.06779661016949153,0.5743879472693032
0.35714285714285715,0.06766917293233082,0.575187969924812
0.35647279549718575,0.0675422138836773,0.575984990619137
0.35580524344569286,0.06741573033707865,0.5767790262172284
0.35514018691588783,0.06728971962616823,0.577570093457944
0.35634328358208955,0.06716417910447761,0.5764925373134329
0.35567970204841715,0.06890130353817504,0.5754189944134078
0.3550185873605948,0.0687732342007435,0.5762081784386617
0.3562152133580705,0.0686456400742115,0.575139146567718
0.35555555555555557,0.06851851851851852,0.575925925925926
0.3567467652495379,0.06839186691312385,0.5748613678373382
0.35793357933579334,0.06826568265682657,0.5738007380073801
0.35911602209944754,0.06813996316758748,0.572744014732965
0.3602941176470588,0.06801470588235294,0.5716911764705882
0.3596330275229358,0.06788990825688074,0.5724770642201835
0.3608058608058608,0.06776556776556776,0.5714285714285714
0.3619744058500914,0.06764168190127971,0.5703839122486288
0.3613138686131387,0.06934306569343066,0.5693430656934306
0.36065573770491804,0.0692167577413479,0.5701275045537341
0.36,0.06909090909090909,0.5709090909090909
0.35934664246823955,0.06896551724137931,0.5716878402903811
0.358695652173913,0.06884057971014493,0.572463768115942
0.35804701627486435,0.06871609403254973,0.5732368896925859
0.3574007220216607,0.0703971119133574,0.572202166064982
0.3567567567567568,0.07027027027027027,0.572972972972973
0.3579136690647482,0.07014388489208633,0.5719424460431655
0.35727109515260325,0.07001795332136446,0.5727109515260324
0.35663082437275984,0.06989247311827956,0.5734767025089605
0.35778175313059035,0.06976744186046512,0.5724508050089445
0.35892857142857143,0.06964285714285715,0.5714285714285714
0.3582887700534759,0.06951871657754011,0.5721925133689839
0.35765124555160144,0.0693950177935943,0.5729537366548043
0.35879218472468916,0.06927175843694494,0.5719360568383659
0.35815602836879434,0.06914893617021277,0.5726950354609929
0.35752212389380533,0.06902654867256637,0.5734513274336284
0.3568904593639576,0.0706713780918728,0.5724381625441696
0.3562610229276896,0.07054673721340388,0.5731922398589065
0.3573943661971831,0.07042253521126761,0.5721830985915493
0.35676625659050965,0.070298769771529,0.5729349736379613
0.35789473684210527,0.07017543859649122,0.5719298245614035
0.3572679509632224,0.07180385288966724,0.5709281961471103
0.3583916083916084,0.07167832167832168,0.5699300699300699
0.35776614310645727,0.07155322862129145,0.5706806282722513
0.35714285714285715,0.07142857142857142,0.5714285714285714
0.3565217391304348,0.07130434782608695,0.5721739130434783
0.3559027777777778,0.07118055555555555,0.5729166666666666
0.35528596187175043,0.07279029462738301,0.5719237435008665
0.356401384083045,0.0726643598615917,0.5709342560553633
0.35578583765112265,0.07253886010362694,0.5716753022452504
0.35517241379310344,0.07241379310344828,0.5724137931034483
0.35456110154905335,0.07228915662650602,0.5731497418244407
0.3539518900343643,0.07216494845360824,0.5738831615120275
0.35334476843910806,0.07204116638078903,0.5746140651801029
0.3527397260273973,0.07191780821917808,0.5753424657534246
0.35213675213675216,0.07179487179487179,0.576068376068376
0.3515358361774744,0.07167235494880546,0.5767918088737202
0.35093696763202725,0.07155025553662692,0.5775127768313458
0.3520408163265306,0.07142857142857142,0.576530612244898
0.3531409168081494,0.07130730050933787,0.5755517826825127
0.35423728813559324,0.0711864406779661,0.5745762711864407
0.3536379018612521,0.07106598984771574,0.5752961082910322
0.3547297297297297,0.07094594594594594,0.5743243243243243
0.35413153456998314,0.07082630691399663,0.5750421585160203
0.35353535353535354,0.0707070707070707,0.5757575757575758
0.35294117647058826,0.07058823529411765,0.5764705882352941
0.3523489932885906,0.07046979865771812,0.5771812080536913
0.35175879396984927,0.07035175879396985,0.5778894472361809
0.3511705685618729,0.07023411371237458,0.5785953177257525
0.35058430717863104,0.07011686143572621,0.5792988313856428
0.35,0.07,0.58
0.35108153078202997,0.06988352745424292,0.5790349417637272
0.3504983388704319,0.07142857142857142,0.5780730897009967
0.351575456053068,0.07131011608623548,0.5771144278606966
0.3509933774834437,0.07119205298013245,0.5778145695364238
0.35206611570247937,0.07107438016528926,0.5768595041322314
0.35148514851485146,0.07095709570957096,0.5775577557755776
0.35090609555189456,0.07084019769357495,0.5782537067545305
0.3503289473684211,0.07236842105263158,0.5773026315789473
0.35139573070607555,0.0722495894909688,0.5763546798029556
0.3524590163934426,0.07213114754098361,0.5754098360655737
0.3518821603927987,0.07201309328968904,0.5761047463175123
0.35130718954248363,0.0718954248366013,0.576797385620915
0.3523654159869494,0.07177814029363784,0.5758564437194127
0.3517915309446254,0.07166123778501629,0.5765472312703583
0.35121951219512193,0.07154471544715447,0.5772357723577236
0.35064935064935066,0.07142857142857142,0.577922077922078
0.3500810372771475,0.0713128038897893,0.5786061588330632
0.3511326860841424,0.07119741100323625,0.5776699029126213
0.35218093699515346,0.07108239095315025,0.5767366720516963
0.35161290322580646,0.07096774193548387,0.5774193548387097
0.35104669887278583,0.07085346215780998,0.5780998389694042
0.3504823151125402,0.0707395498392283,0.5787781350482315
0.35152487961476725,0.07062600321027288,0.5778491171749599
0.3525641025641026,0.07051282051282051,0.5769230769230769
0.352,0.0704,0.5776
0.3514376996805112,0.07028753993610223,0.5782747603833865
0.3524720893141946,0.07017543859649122,0.5773524720893142
0.3535031847133758,0.07006369426751592,0.5764331210191083
0.35453100158982515,0.06995230524642289,0.575516693163752
0.35555555555555557,0.06984126984126984,0.5746031746031746
0.3549920760697306,0.06973058637083994,0.5752773375594294
0.35443037974683544,0.06962025316455696,0.5759493670886076
0.353870458135861,0.06951026856240126,0.5766192733017378
0.3548895899053628,0.0694006309148265,0.5757097791798107
0.3543307086614173,0.06929133858267716,0.5763779527559055
0.3553459119496855,0.06918238993710692,0.5754716981132075
0.35478806907378335,0.0706436420722135,0.5745682888540031
0.3542319749216301,0.07053291536050156,0.5752351097178683
0.3536776212832551,0.07042253521126761,0.5758998435054773
0.353125,0.0703125,0.5765625
0.35257410296411856,0.07020280811232449,0.5772230889235569
0.35202492211838005,0.07009345794392523,0.5778816199376947
0.3514774494556765,0.06998444790046657,0.578538102643857
0.35093167701863354,0.07142857142857142,0.577639751552795
0.351937984496124,0.07131782945736434,0.5767441860465117
0.35139318885448917,0.07120743034055728,0.5773993808049536
0.35239567233384855,0.07109737248840804,0.5765069551777434
0.35185185185185186,0.07098765432098765,0.5771604938271605
0.35285053929121724,0.07087827426810478,0.576271186440678
0.3523076923076923,0.07076923076923076,0.5769230769230769
0.35176651305683565,0.0706605222734255,0.5775729646697388
0.35276073619631904,0.0705521472392638,0.5766871165644172
0.35222052067381315,0.07044410413476264,0.5773353751914242
0.3532110091743119,0.07033639143730887,0.5764525993883792
0.35419847328244275,0.07022900763358779,0.5755725190839694
0.35365853658536583,0.07164634146341463,0.5746951219512195
0.3531202435312024,0.0715372907153729,0.5753424657534246
0.3525835866261398,0.07142857142857142,0.5759878419452887
0.3535660091047041,0.07132018209408195,0.575113808801214
0.353030303030303,0.07121212121212121,0.5757575757575758
0.3524962178517398,0.07110438729198185,0.5763993948562783
0.35196374622356497,0.07099697885196375,0.5770392749244713
0.3514328808446455,0.07088989441930618,0.5776772247360482
0.3509036144578313,0.07078313253012049,0.5783132530120482
0.35037593984962406,0.07067669172932331,0.5789473684210527
0.35135135135135137,0.07057057057057058,0.5780780780780781
0.35082458770614694,0.0704647676161919,0.5787106446776612
0.35179640718562877,0.07035928143712575,0.5778443113772455
0.351270553064275,0.07025411061285501,0.57847533632287
0.35074626865671643,0.07014925373134329,0.5791044776119403
0.3502235469448584,0.07004470938897168,0.5797317436661699
0.35119047619047616,0.06994047619047619,0.5788690476190477
0.3521545319465082,0.06983655274888559,0.5780089153046062
0.35311572700296734,0.06973293768545995,0.5771513353115727
0.3540740740740741,0.06962962962962962,0.5762962962962963
0.35355029585798814,0.0695266272189349,0.5769230769230769
0.35302806499261447,0.06942392909896603,0.5775480059084195
0.3525073746312684,0.06932153392330384,0.5781710914454278
0.35346097201767307,0.06921944035346098,0.5773195876288659
0.35294117647058826,0.06911764705882353,0.5779411764705882
0.35389133627019087,0.06901615271659324,0.5770925110132159
0.3533724340175953,0.0689149560117302,0.5777126099706745
0.35431918008784774,0.06881405563689605,0.5768667642752562
0.3538011695906433,0.06871345029239766,0.577485380116959
0.3532846715328467,0.07007299270072993,0.5766423357664233
0.35422740524781343,0.06997084548104957,0.575801749271137
0.3551673944687045,0.06986899563318777,0.5749636098981077
0.3561046511627907,0.06976744186046512,0.5741279069767442
0.3555878084179971,0.06966618287373004,0.5747460087082729
0.35507246376811596,0.06956521739130435,0.5753623188405798
0.3545586107091172,0.0694645441389291,0.5759768451519537
0.3540462427745665,0.06936416184971098,0.5765895953757225
0.354978354978355,0.06926406926406926,0.5757575757575758
0.35446685878962536,0.069164265129683,0.5763688760806917
0.3553956834532374,0.06906474820143885,0.5755395683453237
0.35488505747126436,0.07040229885057471,0.5747126436781609
0.35437589670014347,0.07173601147776183,0.5738880918220947
0.3553008595988539,0.07163323782234957,0.5730659025787965
0.3547925608011445,0.0715307582260372,0.5736766809728183
0.3557142857142857,0.07142857142857142,0.5728571428571428
0.3566333808844508,0.07132667617689016,0.572039942938659
0.3561253561253561,0.07122507122507123,0.5726495726495726
0.35704125177809387,0.07112375533428165,0.5718349928876245
0.3565340909090909,0.07102272727272728,0.5724431818181818
0.35602836879432626,0.07092198581560284,0.573049645390071
0.35694050991501414,0.0708215297450425,0.5722379603399433
0.3564356435643564,0.07072135785007072,0.5728429985855729
0.3559322033898305,0.07062146892655367,0.5734463276836158
0.3554301833568406,0.07193229901269393,0.5726375176304654
0.3563380281690141,0.07183098591549296,0.571830985915493
0.3558368495077356,0.07172995780590717,0.5724331926863573
0.35674157303370785,0.07162921348314606,0.5716292134831461
